cx: 409.78826904296875
cy: 300.501953125
fx: 693.0248413085938
fy: 693.1998291015625
height: 600
width: 800
